0 0.7869266666666668 0.24069028156221617 0.05084 0.10596730245231607
0 0.27754666666666666 0.6047502270663034 0.06318 0.12564032697547686
0 0.6330600000000001 0.4178019981834696 0.029766666666666667 0.06963669391462307
0 0.69194 0.4526158038147139 0.04086 0.07871934604904632
0 0.6741666666666667 0.6698455949137148 0.04086 0.052979109900090825
0 0.86192 0.4306721162579473 0.027486666666666666 0.04693006357856494
0 0.87692 0.4821344232515895 0.03304 0.052979109900090825
0 0.8402600000000001 0.5888555858310627 0.03304666666666667 0.03633060853769301
0 0.8124866666666667 0.6539509536784741 0.021946666666666666 0.018165304268846504
0 0.6030666666666666 0.18998183469573116 0.01644 0.01968210717529519
0 0.4425266666666666 0.27626702997275204 0.017586666666666667 0.034813805631244324
0 0.49474 0.28307901907356947 0.037573333333333334 0.045413260672116255
0 0.4919666666666667 0.4526158038147139 0.027579999999999997 0.03935513169845595
0 0.11145333333333333 0.5267938237965486 0.019893333333333332 0.030272479564032697
0 0.0959 0.7311534968210718 0.022113333333333336 0.027247956403269755
0 0.46808 0.6161035422343325 0.022026666666666667 0.03330608537693006